0,406
17,1
17,5
18,7
18,6
18,2
18,1
18,5
13,26
13,58
67,170
67,169
67,168
67,167
67,166
67,165
67,164
67,163
67,162
67,161
67,160
67,159
13,30
67,158
67,157
67,156
67,155
67,154
67,153
67,152
67,151
67,150
67,149
67,148
67,147
67,146
67,145
67,144
67,143
67,142
67,141
67,140
67,139
67,138
67,137
67,136
67,135
13,56
67,134
67,133
67,132
67,131
13,61
67,130
13,24
67,129
13,65
13,31
67,1
66,20
66,19
66,18
13,54
66,17
66,16
66,15
66,14
13,13
66,13
13,17
66,12
13,67
66,1
13,2
65,9
16,6
65,8
16,7
65,1
16,8
16,5
16,2
16,1
8,7
8,6
8,2
8,5
8,1
6,6
6,2
6,1
5,6
5,5
5,2
6,5
5,1
0,607
0,606
0,605
0,604
0,603
0,602
0,601
0,600
0,599
0,598
0,597
0,596
0,595
0,594
0,593
0,592
0,591
0,590
0,589
0,588
0,587
0,586
0,585
0,584
0,583
0,582
0,581
0,580
0,579
0,578
0,577
0,576
0,575
0,574
0,573
0,572
0,571
0,570
0,569
0,568
0,567
0,566
0,565
0,564
0,563
0,562
0,561
0,560
0,559
0,558
0,557
0,556
0,555
0,554
0,553
0,552
0,551
0,550
0,549
0,548
0,547
0,546
2,2
0,545
0,544
0,543
0,542
0,541
0,540
0,539
0,538
0,537
0,536
0,535
